
> templates@1.0.0 test /mnt/c/home/dev/aoc2023/days/23/part_02
> node ./src/tests.js

1,0 -> 3,5 : 15
3,5 -> 1,0 : 15
3,5 -> 5,13 : 22
3,5 -> 11,3 : 22
5,13 -> 3,5 : 22
5,13 -> 13,19 : 38
5,13 -> 13,13 : 12
11,3 -> 3,5 : 22
11,3 -> 13,13 : 24
11,3 -> 21,11 : 30
13,19 -> 5,13 : 38
13,19 -> 13,13 : 10
13,19 -> 19,19 : 10
13,13 -> 5,13 : 12
13,13 -> 11,3 : 24
13,13 -> 13,19 : 10
13,13 -> 21,11 : 18
21,11 -> 11,3 : 30
21,11 -> 13,13 : 18
21,11 -> 19,19 : 10
19,19 -> 13,19 : 10
19,19 -> 21,11 : 10
19,19 -> 21,22 : 5
21,22 -> 19,19 : 5
1,0 -> 3,5 0 1,0 : undefined
3,5 -> 5,13 : 22
3,5 -> 11,3 : 22
3,5 -> 5,13 15 1,0,3,5 : undefined
5,13 -> 13,19 : 38
5,13 -> 13,13 : 12
5,13 -> 13,19 37 1,0,3,5,5,13 : undefined
13,19 -> 13,13 : 10
13,19 -> 19,19 : 10
13,19 -> 13,13 75 1,0,3,5,5,13,13,19 : undefined
13,13 -> 11,3 : 24
13,13 -> 21,11 : 18
13,13 -> 11,3 85 1,0,3,5,5,13,13,19,13,13 : undefined
11,3 -> 21,11 : 30
11,3 -> 21,11 109 1,0,3,5,5,13,13,19,13,13,11,3 : undefined
21,11 -> 19,19 : 10
21,11 -> 19,19 139 1,0,3,5,5,13,13,19,13,13,11,3,21,11 : undefined
19,19 -> 21,22 : 5
19,19 -> 21,22 149 1,0,3,5,5,13,13,19,13,13,11,3,21,11,19,19 : undefined
13,13 -> 21,11 85 1,0,3,5,5,13,13,19,13,13 : 154
21,11 -> 11,3 : 30
21,11 -> 19,19 : 10
21,11 -> 11,3 103 1,0,3,5,5,13,13,19,13,13,21,11 : 154
21,11 -> 19,19 103 1,0,3,5,5,13,13,19,13,13,21,11 : 154
19,19 -> 21,22 : 5
19,19 -> 21,22 113 1,0,3,5,5,13,13,19,13,13,21,11,19,19 : 154
13,19 -> 19,19 75 1,0,3,5,5,13,13,19 : 154
19,19 -> 21,11 : 10
19,19 -> 21,22 : 5
19,19 -> 21,11 85 1,0,3,5,5,13,13,19,19,19 : 154
21,11 -> 11,3 : 30
21,11 -> 13,13 : 18
21,11 -> 11,3 95 1,0,3,5,5,13,13,19,19,19,21,11 : 154
11,3 -> 13,13 : 24
11,3 -> 13,13 125 1,0,3,5,5,13,13,19,19,19,21,11,11,3 : 154
21,11 -> 13,13 95 1,0,3,5,5,13,13,19,19,19,21,11 : 154
13,13 -> 11,3 : 24
13,13 -> 11,3 113 1,0,3,5,5,13,13,19,19,19,21,11,13,13 : 154
19,19 -> 21,22 85 1,0,3,5,5,13,13,19,19,19 : 154
5,13 -> 13,13 37 1,0,3,5,5,13 : 154
13,13 -> 11,3 : 24
13,13 -> 13,19 : 10
13,13 -> 21,11 : 18
13,13 -> 11,3 49 1,0,3,5,5,13,13,13 : 154
11,3 -> 21,11 : 30
11,3 -> 21,11 73 1,0,3,5,5,13,13,13,11,3 : 154
21,11 -> 19,19 : 10
21,11 -> 19,19 103 1,0,3,5,5,13,13,13,11,3,21,11 : 154
19,19 -> 13,19 : 10
19,19 -> 21,22 : 5
19,19 -> 13,19 113 1,0,3,5,5,13,13,13,11,3,21,11,19,19 : 154
19,19 -> 21,22 113 1,0,3,5,5,13,13,13,11,3,21,11,19,19 : 154
13,13 -> 13,19 49 1,0,3,5,5,13,13,13 : 154
13,19 -> 19,19 : 10
13,19 -> 19,19 59 1,0,3,5,5,13,13,13,13,19 : 154
19,19 -> 21,11 : 10
19,19 -> 21,22 : 5
19,19 -> 21,11 69 1,0,3,5,5,13,13,13,13,19,19,19 : 154
21,11 -> 11,3 : 30
21,11 -> 11,3 79 1,0,3,5,5,13,13,13,13,19,19,19,21,11 : 154
19,19 -> 21,22 69 1,0,3,5,5,13,13,13,13,19,19,19 : 154
13,13 -> 21,11 49 1,0,3,5,5,13,13,13 : 154
21,11 -> 11,3 : 30
21,11 -> 19,19 : 10
21,11 -> 11,3 67 1,0,3,5,5,13,13,13,21,11 : 154
21,11 -> 19,19 67 1,0,3,5,5,13,13,13,21,11 : 154
19,19 -> 13,19 : 10
19,19 -> 21,22 : 5
19,19 -> 13,19 77 1,0,3,5,5,13,13,13,21,11,19,19 : 154
19,19 -> 21,22 77 1,0,3,5,5,13,13,13,21,11,19,19 : 154
3,5 -> 11,3 15 1,0,3,5 : 154
11,3 -> 13,13 : 24
11,3 -> 21,11 : 30
11,3 -> 13,13 37 1,0,3,5,11,3 : 154
13,13 -> 5,13 : 12
13,13 -> 13,19 : 10
13,13 -> 21,11 : 18
13,13 -> 5,13 61 1,0,3,5,11,3,13,13 : 154
5,13 -> 13,19 : 38
5,13 -> 13,19 73 1,0,3,5,11,3,13,13,5,13 : 154
13,19 -> 19,19 : 10
13,19 -> 19,19 111 1,0,3,5,11,3,13,13,5,13,13,19 : 154
19,19 -> 21,11 : 10
19,19 -> 21,22 : 5
19,19 -> 21,11 121 1,0,3,5,11,3,13,13,5,13,13,19,19,19 : 154
19,19 -> 21,22 121 1,0,3,5,11,3,13,13,5,13,13,19,19,19 : 154
13,13 -> 13,19 61 1,0,3,5,11,3,13,13 : 154
13,19 -> 5,13 : 38
13,19 -> 19,19 : 10
13,19 -> 5,13 71 1,0,3,5,11,3,13,13,13,19 : 154
13,19 -> 19,19 71 1,0,3,5,11,3,13,13,13,19 : 154
19,19 -> 21,11 : 10
19,19 -> 21,22 : 5
19,19 -> 21,11 81 1,0,3,5,11,3,13,13,13,19,19,19 : 154
19,19 -> 21,22 81 1,0,3,5,11,3,13,13,13,19,19,19 : 154
13,13 -> 21,11 61 1,0,3,5,11,3,13,13 : 154
21,11 -> 19,19 : 10
21,11 -> 19,19 79 1,0,3,5,11,3,13,13,21,11 : 154
19,19 -> 13,19 : 10
19,19 -> 21,22 : 5
19,19 -> 13,19 89 1,0,3,5,11,3,13,13,21,11,19,19 : 154
13,19 -> 5,13 : 38
13,19 -> 5,13 99 1,0,3,5,11,3,13,13,21,11,19,19,13,19 : 154
19,19 -> 21,22 89 1,0,3,5,11,3,13,13,21,11,19,19 : 154
11,3 -> 21,11 37 1,0,3,5,11,3 : 154
21,11 -> 13,13 : 18
21,11 -> 19,19 : 10
21,11 -> 13,13 67 1,0,3,5,11,3,21,11 : 154
13,13 -> 5,13 : 12
13,13 -> 13,19 : 10
13,13 -> 5,13 85 1,0,3,5,11,3,21,11,13,13 : 154
5,13 -> 13,19 : 38
5,13 -> 13,19 97 1,0,3,5,11,3,21,11,13,13,5,13 : 154
13,19 -> 19,19 : 10
13,19 -> 19,19 135 1,0,3,5,11,3,21,11,13,13,5,13,13,19 : 154
19,19 -> 21,22 : 5
19,19 -> 21,22 145 1,0,3,5,11,3,21,11,13,13,5,13,13,19,19,19 : 154
13,13 -> 13,19 85 1,0,3,5,11,3,21,11,13,13 : 154
13,19 -> 5,13 : 38
13,19 -> 19,19 : 10
13,19 -> 5,13 95 1,0,3,5,11,3,21,11,13,13,13,19 : 154
13,19 -> 19,19 95 1,0,3,5,11,3,21,11,13,13,13,19 : 154
19,19 -> 21,22 : 5
19,19 -> 21,22 105 1,0,3,5,11,3,21,11,13,13,13,19,19,19 : 154
21,11 -> 19,19 67 1,0,3,5,11,3,21,11 : 154
19,19 -> 13,19 : 10
19,19 -> 21,22 : 5
19,19 -> 13,19 77 1,0,3,5,11,3,21,11,19,19 : 154
13,19 -> 5,13 : 38
13,19 -> 13,13 : 10
13,19 -> 5,13 87 1,0,3,5,11,3,21,11,19,19,13,19 : 154
5,13 -> 13,13 : 12
5,13 -> 13,13 125 1,0,3,5,11,3,21,11,19,19,13,19,5,13 : 154
13,19 -> 13,13 87 1,0,3,5,11,3,21,11,19,19,13,19 : 154
13,13 -> 5,13 : 12
13,13 -> 5,13 97 1,0,3,5,11,3,21,11,19,19,13,19,13,13 : 154
19,19 -> 21,22 77 1,0,3,5,11,3,21,11,19,19 : 154
All tests passed!
